810282279069115821201032253164291031827915194343142121472327232389519039 
819414270177462999559061113052742665831487111282728022705300202844017828 
819414270177462999559061113052742665831487111282728022705300202844017828 
819414270177462999559061113052742665831487111282728022705300202844017828 
8197250192842212901622115057838623731152314980271322274919391122197252 
8197250192842212901622115057838623731152314980271322274919391122197252 
8197250192842212901622115057838623731152314980271322274919391122197252 
8197250192842212901622115057838623731152314980271322274919391122197252 
8197250192842212901622115057838623731152314980271322274919391122197252 
8197250192842212901622115057838623731152314980271322274919391122197252 
8197250192842212901622115057838623731152314980271322274919391122197252 
8197250192842212901622115057838623731152314980271322274919391122197252 
8197250192842212901622115057838623731152314980271322274919391122197252 
8197250192842212901622115057838623731152314980271322274919391122197252 
8197250192842212901622115057838623731152314980271322274919391122197252 
820029992070712585265351898311499208043174231600269842279387612876529444 
820029992070712585265351898311499208043174231600269842279387612876529444 
820029992070712585265351898311499208043174231600269842279387612876529444 
820029992070712585265351898311499208043174231600269842279387612876529444 
820029992070712585265351898311499208043174231600269842279387612876529444 
820029992070712585265351898311499208043174231600269842279387612876529444 
820029992070712585265351898311499208043174231600269842279387612876529444 
820029992070712585265351898311499208043174231600269842279387612876529444 
820029992070712585265351898311499208043174231600269842279387612876529444 
820029992070712585265351898311499208043174231600269842279387612876529444 
820029992070712585265351898311499208043174231600269842279387612876529444 
820029992070712585265351898311499208043174231600269842279387612876529444 
82041374758033881408222910146111787615486254522683622837309001254318868 
82041374758033881408222910146111787615486254522683622837309001254318868 
82041374758033881408222910146111787615486254522683622837309001254318868 
82041374758033881408222910146111787615486254522683622837309001254318868 
82041374758033881408222910146111787615486254522683622837309001254318868 
82041374758033881408222910146111787615486254522683622837309001254318868 
82041374758033881408222910146111787615486254522683622837309001254318868 
82041374758033881408222910146111787615486254522683622837309001254318868 
82041374758033881408222910146111787615486254522683622837309001254318868 
82041374758033881408222910146111787615486254522683622837309001254318868 
82041374758033881408222910146111787615486254522683622837309001254318868 
8207244962366727944143962683717724149493199719304266882288120271290908292 
8207244962366727944143962683717724149493199719304266882288120271290908292 
8207244962366727944143962683717724149493199719304266882288120271290908292 
8207244962366727944143962683717724149493199719304266882288120271290908292 
8207244962366727944143962683717724149493199719304266882288120271290908292 
8207244962366727944143962683717724149493199719304266882288120271290908292 
8207244962366727944143962683717724149493199719304266882288120271290908292 
8207244962366727944143962683717724149493199719304266882288120271290908292 
8207244962366727944143962683717724149493199719304266882288120271290908292 
8207244962366727944143962683717724149493199719304266882288120271290908292 
8207244962366727944143962683717724149493199719304266882288120271290908292 
8207244962366727944143962683717724149493199719304266882288120271290908292 
82102476876319239247113076420836120221574113156265402292596421286830485 
82102476876319239247113076420836120221574113156265402292596421286830485 
82102476876319239247113076420836120221574113156265402292596421286830485 
82102476876319239247113076420836120221574113156265402292596421286830485 
82102476876319239247113076420836120221574113156265402292596421286830485 
82102476876319239247113076420836120221574113156265402292596421286830485 
82102476876319239247113076420836120221574113156265402292596421286830485 
82102476876319239247113076420836120221574113156265402292596421286830485 
82102476876319239247113076420836120221574113156265402292596421286830485 
82102476876319239247113076420836120221574113156265402292596421286830485 
82102476876319239247113076420836120221574113156265402292596421286830485 
8213132252662710535225719222394990953225370082639222969317812941419909 
8213132252662710535225719222394990953225370082639222969317812941419909 
8213132252662710535225719222394990953225370082639222969317812941419909 
8213132252662710535225719222394990953225370082639222969317812941419909 
8213132252662710535225719222394990953225370082639222969317812941419909 
8213132252662710535225719222394990953225370082639222969317812941419909 
8213132252662710535225719222394990953225370082639222969317812941419909 
8213132252662710535225719222394990953225370082639222969317812941419909 
8213132252662710535225719222394990953225370082639222969317812941419909 
8213132252662710535225719222394990953225370082639222969317812941419909 
8213132252662710535225719222394990953225370082639222969317812941419909 
82172397311723183012572584927061616715996860262442301321152131939333 
82172397311723183012572584927061616715996860262442301321152131939333 
82172397311723183012572584927061616715996860262442301321152131939333 
82172397311723183012572584927061616715996860262442301321152131939333 
82172397311723183012572584927061616715996860262442301321152131939333 
82172397311723183012572584927061616715996860262442301321152131939333 
82172397311723183012572584927061616715996860262442301321152131939333 
82172397311723183012572584927061616715996860262442301321152131939333 
82172397311723183012572584927061616715996860262442301321152131939333 
82172397311723183012572584927061616715996860262442301321152131939333 
82172397311723183012572584927061616715996860262442301321152131939333 
82201953295882589322887977630174324032508274792609723057105232973931525 
82201953295882589322887977630174324032508274792609723057105232973931525 
82201953295882589322887977630174324032508274792609723057105232973931525 
82201953295882589322887977630174324032508274792609723057105232973931525 
82201953295882589322887977630174324032508274792609723057105232973931525 
82201953295882589322887977630174324032508274792609723057105232973931525 
82201953295882589322887977630174324032508274792609723057105232973931525 
82201953295882589322887977630174324032508274792609723057105232973931525 
82201953295882589322887977630174324032508274792609723057105232973931525 
82201953295882589322887977630174324032508274792609723057105232973931525 
82201953295882589322887977630174324032508274792609723057105232973931525 
82231270214684171894331370251831316251213312594923101326621351720949 
82231270214684171894331370251831316251213312594923101326621351720949 
82231270214684171894331370251831316251213312594923101326621351720949 
82231270214684171894331370251831316251213312594923101326621351720949 
82231270214684171894331370251831316251213312594923101326621351720949 
82231270214684171894331370251831316251213312594923101326621351720949 
82231270214684171894331370251831316251213312594923101326621351720949 
11939524714194242422037417452243443097011598117629528535517324977530401 
11939524714194242422037417452243443097011598117629528535517324977530401 
11939524714194242422037417452243443097011598117629528535517324977530401 
11939524714194242422037417452243443097011598117629528535517324977530401 
11939524714194242422037417452243443097011598117629528535517324977530401 
11939524714194242422037417452243443097011598117629528535517324977530401 
11939524714194242422037417452243443097011598117629528535517324977530401 
11939524714194242422037417452243443097011598117629528535517324977530401 
11939524714194242422037417452243443097011598117629528535517324977530401 
11939524714194242422037417452243443097011598117629528535517324977530401 
11939524714194242422037417452243443097011598117629528535517324977530401 
1194215996320581553830689213792745728043281092779629380539966952632219825 
1194215996320581553830689213792745728043281092779629380539966952632219825 
1194215996320581553830689213792745728043281092779629380539966952632219825 
1194215996320581553830689213792745728043281092779629380539966952632219825 
1194215996320581553830689213792745728043281092779629380539966952632219825 
1194215996320581553830689213792745728043281092779629380539966952632219825 
1194215996320581553830689213792745728043281092779629380539966952632219825 
1194215996320581553830689213792745728043281092779629380539966952632219825 
1194215996320581553830689213792745728043281092779629380539966952632219825 
1194215996320581553830689213792745728043281092779629380539966952632219825 
11945267441715468338235253053056925116118532164829232544328833101009250 
11945267441715468338235253053056925116118532164829232544328833101009250 
11945267441715468338235253053056925116118532164829232544328833101009250 
11945267441715468338235253053056925116118532164829232544328833101009250 
11945267441715468338235253053056925116118532164829232544328833101009250 
11945267441715468338235253053056925116118532164829232544328833101009250 
11945267441715468338235253053056925116118532164829232544328833101009250 
11945267441715468338235253053056925116118532164829232544328833101009250 
11945267441715468338235253053056925116118532164829232544328833101009250 
11945267441715468338235253053056925116118532164829232544328833101009250 
11945267441715468338235253053056925116118532164829232544328833101009250 
11945267441715468338235253053056925116118532164829232544328833101009250 
1194947242251308961855029232914221882836515500290855487182042664631442 
1194947242251308961855029232914221882836515500290855487182042664631442 
1194947242251308961855029232914221882836515500290855487182042664631442 
1194947242251308961855029232914221882836515500290855487182042664631442 
1194947242251308961855029232914221882836515500290855487182042664631442 
1194947242251308961855029232914221882836515500290855487182042664631442 
1194947242251308961855029232914221882836515500290855487182042664631442 
1194947242251308961855029232914221882836515500290855487182042664631442 
1194947242251308961855029232914221882836515500290855487182042664631442 
1194947242251308961855029232914221882836515500290855487182042664631442 
1194947242251308961855029232914221882836515500290855487182042664631442 
119521547320115221922886539140261926112108935228937553175751042520866 
119521547320115221922886539140261926112108935228937553175751042520866 
119521547320115221922886539140261926112108935228937553175751042520866 
119521547320115221922886539140261926112108935228937553175751042520866 
119521547320115221922886539140261926112108935228937553175751042520866 
119521547320115221922886539140261926112108935228937553175751042520866 
119521547320115221922886539140261926112108935228937553175751042520866 
119521547320115221922886539140261926112108935228937553175751042520866 
119521547320115221922886539140261926112108935228937553175751042520866 
119521547320115221922886539140261926112108935228937553175751042520866 
119521547320115221922886539140261926112108935228937553175751042520866 
119552622152111348764114317713916334286203204287895575297142697110290 
119552622152111348764114317713916334286203204287895575297142697110290 
119552622152111348764114317713916334286203204287895575297142697110290 
119552622152111348764114317713916334286203204287895575297142697110290 
119552622152111348764114317713916334286203204287895575297142697110290 
119552622152111348764114317713916334286203204287895575297142697110290 
119552622152111348764114317713916334286203204287895575297142697110290 
119552622152111348764114317713916334286203204287895575297142697110290 
119552622152111348764114317713916334286203204287895575297142697110290 
119552622152111348764114317713916334286203204287895575297142697110290 
11959420223075478216726824410251134071236329824286415619190851074932482 
11959420223075478216726824410251134071236329824286415619190851074932482 
11959420223075478216726824410251134071236329824286415619190851074932482 
11959420223075478216726824410251134071236329824286415619190851074932482 
11959420223075478216726824410251134071236329824286415619190851074932482 
11959420223075478216726824410251134071236329824286415619190851074932482 
11959420223075478216726824410251134071236329824286415619190851074932482 
11959420223075478216726824410251134071236329824286415619190851074932482 
11959420223075478216726824410251134071236329824286415619190851074932482 
11959420223075478216726824410251134071236329824286415619190851074932482 
11959420223075478216726824410251134071236329824286415619190851074932482 
119621495081712884627040121711336410479288752367628493566384562729621906 
119621495081712884627040121711336410479288752367628493566384562729621906 
119621495081712884627040121711336410479288752367628493566384562729621906 
119621495081712884627040121711336410479288752367628493566384562729621906 
119621495081712884627040121711336410479288752367628493566384562729621906 
119621495081712884627040121711336410479288752367628493566384562729621906 
119621495081712884627040121711336410479288752367628493566384562729621906 
119621495081712884627040121711336410479288752367628493566384562729621906 
119621495081712884627040121711336410479288752367628493566384562729621906 
119652569826035201414587160981647675521261917528283455707305951107411331 
119652569826035201414587160981647675521261917528283455707305951107411331 
119652569826035201414587160981647675521261917528283455707305951107411331 
119652569826035201414587160981647675521261917528283455707305951107411331 
119652569826035201414587160981647675521261917528283455707305951107411331 
119652569826035201414587160981647675521261917528283455707305951107411331 
119652569826035201414587160981647675521261917528283455707305951107411331 
119652569826035201414587160981647675521261917528283455707305951107411331 
119652569826035201414587160981647675521261917528283455707305951107411331 
119652569826035201414587160981647675521261917528283455707305951107411331 
1196836791113211436149012002419589462529130113802819757511996627620755 
1196836791113211436149012002419589462529130113802819757511996627620755 
1196836791113211436149012002419589462529130113802819757511996627620755 
1196836791113211436149012002419589462529130113802819757511996627620755 
1196836791113211436149012002419589462529130113802819757511996627620755 
